be0d5a215f2d48c3baac6b9412a56035 ; 18.1974434277 ; 0.241592878062 ; -0.00119875050902 ; 0.0130178692506 ;0.430315978291 ; 0.00649526128612 ; 0.00191668960463 ;-0.0592192080356 ; -0.00528267605687 ; -0.005114698912 ;0.0698051991331 ; -0.000314138752505 ; 0.011193616335 ;0.334315834961 ; 0.0115565785711 ; 0.00833190923753 ;0.31109044308 ; -0.0143766678351 ; 0.00132298374478 ;0.037018248688 ; 0.00531955292803 ; -0.00523219586606 ;0.396898169952 ; 0.0157049232819 ; 0.00103139912061 ;0.252086600599 ; 0.0181710034597 ; -0.00107156061074 ;0
be0d5a215f2d48c3baac6b9412a56035 ; 18.1974434277 ; 0.241654168516 ; -0.00130128388436 ; 0.0124039393721 ;0.430324296942 ; 0.00628109765484 ; 0.00183136147139 ;-0.0593020929763 ; -0.00529638217285 ; -0.00428598657969 ;0.0698836896522 ; -0.000228292979327 ; 0.0104095696008 ;0.334418073934 ; 0.0103549270248 ; 0.00729750298898 ;0.311107246994 ; -0.0146722105956 ; 0.00115198916523 ;0.0370147278248 ; 0.00537282703973 ; -0.0051964544854 ;0.397053520477 ; 0.0110422904594 ; -0.000568732451747 ;0.252789925571 ; -0.00367241267354 ; -0.00832324449202 ;1
be0d5a215f2d48c3baac6b9412a56035 ; 18.1974434277 ; 0.241715258545 ; -0.00135292158227 ; 0.011792522708 ;0.430332438788 ; 0.00606645105534 ; 0.0017477965524 ;-0.0593868096754 ; -0.00527391008242 ; -0.00343859489233 ;0.069964509761 ; -0.00016051006593 ; 0.00960204634048 ;0.334480866489 ; 0.0102527785906 ; 0.00666855594925 ;0.31111568514 ; -0.0147164377878 ; 0.00106716541449 ;0.0370151119891 ; 0.00531444836692 ; -0.00520087990902 ;0.397047724572 ; 0.0109106683901 ; -0.000512089627396 ;0.252722823947 ; -0.00376493017991 ; -0.00765315342724 ;2
be0d5a215f2d48c3baac6b9412a56035 ; 18.1974434277 ; 0.241776671463 ; -0.00141186459384 ; 0.0111778041058 ;0.430340439574 ; 0.00586127126642 ; 0.00166573690115 ;-0.0594735357171 ; -0.00524026929786 ; -0.00257099809256 ;0.070047001326 ; -9.76974911369e-05 ; 0.00877775881563 ;0.334543458659 ; 0.0101370116859 ; 0.00604147658543 ;0.311123970341 ; -0.0147389504196 ; 0.000984088254032 ;0.0370148380794 ; 0.00525273795853 ; -0.00519875791052 ;0.397041404028 ; 0.0107472586505 ; -0.000450518281854 ;0.252652655651 ; -0.00384458506184 ; -0.0069522670124 ;3
be0d5a215f2d48c3baac6b9412a56035 ; 18.1974434277 ; 0.241837687406 ; -0.00146830359218 ; 0.0105670802937 ;0.430348290526 ; 0.00564901396245 ; 0.00158510482108 ;-0.0595602690095 ; -0.00520037096257 ; -0.00170326621169 ;0.0701308210931 ; -3.80414446073e-05 ; 0.00794015770337 ;0.334606023818 ; 0.0100141414096 ; 0.00541459629093 ;0.311132176376 ; -0.0147530747976 ; 0.000901886646414 ;0.037015801081 ; 0.0051841424864 ; -0.00520907387666 ;0.397034790968 ; 0.010577256628 ; -0.000386087699003 ;0.252580940198 ; -0.00391740728538 ; -0.00623584070772 ;4
be0d5a215f2d48c3baac6b9412a56035 ; 18.1974434277 ; 0.241897924083 ; -0.00152930762513 ; 0.0099641034805 ;0.430355829953 ; 0.00542521781809 ; 0.00150747260565 ;-0.0596485363818 ; -0.00516112200346 ; -0.00082020002428 ;0.0702153244641 ; 1.95204239628e-05 ; 0.00709569961083 ;0.334667956391 ; 0.00987695171927 ; 0.00479389866051 ;0.311140149557 ; -0.0147560983386 ; 0.00082212457019 ;0.0370159343344 ; 0.00510611252371 ; -0.00521118670668 ;0.397027661889 ; 0.0103905915305 ; -0.000316663560334 ;0.252506571208 ; -0.00399275653151 ; -0.00549290429802 ;5
be0d5a215f2d48c3baac6b9412a56035 ; 18.1974434277 ; 0.241958030378 ; -0.00159445650414 ; 0.00936238904763 ;0.430363220243 ; 0.00522391249429 ; 0.00143155666147 ;-0.0597372116275 ; -0.0051188651545 ; 6.69749731859e-05 ;0.0703010712892 ; 7.05545605769e-05 ; 0.00623874170044 ;0.334729405315 ; 0.00974050799592 ; 0.00417804498017 ;0.31114795304 ; -0.0147484447672 ; 0.000744166259681 ;0.0370164731604 ; 0.00502748894585 ; -0.0052173611987 ;0.397020197441 ; 0.0101812342046 ; -0.000244112657724 ;0.252430361746 ; -0.004055158046 ; -0.00473143369111 ;6
be0d5a215f2d48c3baac6b9412a56035 ; 18.1974434277 ; 0.242017359214 ; -0.00167329598319 ; 0.00876831229348 ;0.430370298482 ; 0.00503671615118 ; 0.00135890232432 ;-0.0598255035362 ; -0.00508080281393 ; 0.000950274657231 ;0.0703871377776 ; 0.000107835338704 ; 0.00537844962308 ;0.334788760966 ; 0.00959355982163 ; 0.00358301898943 ;0.311155337094 ; -0.0147305333567 ; 0.000670504813742 ;0.0370158866856 ; 0.00494711022249 ; -0.00521230023669 ;0.397012321388 ; 0.00993885701195 ; -0.000167775893392 ;0.252352539093 ; -0.00410850578847 ; -0.00395374064372 ;7
be0d5a215f2d48c3baac6b9412a56035 ; 18.1974434277 ; 0.242075741805 ; -0.00174741610057 ; 0.00818374518644 ;0.430377110086 ; 0.00484125071299 ; 0.00128883163642 ;-0.0599153701251 ; -0.00504105358828 ; 0.00184933801039 ;0.070474728141 ; 0.000144154468565 ; 0.00450290917973 ;0.334848880156 ; 0.00944654225613 ; 0.00298035690838 ;0.311162691113 ; -0.0147122883512 ; 0.000597147046042 ;0.0370166474707 ; 0.004854983022 ; -0.00522082935683 ;0.397003964714 ; 0.00970640688357 ; -8.65336599887e-05 ;0.252271928377 ; -0.00416223824162 ; -0.00314817080602 ;8
be0d5a215f2d48c3baac6b9412a56035 ; 18.1974434277 ; 0.242133648156 ; -0.00185646100401 ; 0.0076035912349 ;0.430383640489 ; 0.00467573608845 ; 0.00122187247153 ;-0.0600050452311 ; -0.00499019060001 ; 0.00274659767316 ;0.0705626817253 ; 0.000142705172898 ; 0.00362335884232 ;0.334906312837 ; 0.00927524495076 ; 0.00240431712645 ;0.311169557241 ; -0.0146821290525 ; 0.000528787340448 ;0.0370154577579 ; 0.00476544822557 ; -0.005209827577 ;0.39699504085 ; 0.00942767841587 ; -8.23033730057e-08 ;0.252189255163 ; -0.00418352082218 ; -0.0023216514921 ;9
be0d5a215f2d48c3baac6b9412a56035 ; 18.1974434277 ; 0.242190834625 ; -0.00195823014914 ; 0.00703070885661 ;0.430389987941 ; 0.00453375039417 ; 0.00115697810928 ;-0.060095646055 ; -0.00494504828064 ; 0.00365305730706 ;0.0706511429297 ; 0.00014669722969 ; 0.00273878671826 ;0.334964192716 ; 0.00912027277334 ; 0.00182396860383 ;0.311176380442 ; -0.0146490128682 ; 0.000460886459441 ;0.0370155046834 ; 0.00467252213293 ; -0.00521122609105 ;0.396985890188 ; 0.00914756400536 ; 8.86231738129e-05 ;0.252105090066 ; -0.00420305246243 ; -0.00148019584488 ;10
be0d5a215f2d48c3baac6b9412a56035 ; 18.1974434277 ; 0.242246451311 ; -0.00207063122391 ; 0.0064734179859 ;0.430395945434 ; 0.00440947691984 ; 0.00109616045392 ;-0.0601857888691 ; -0.00490079683012 ; 0.00455492793398 ;0.0707394541229 ; 0.000133160317276 ; 0.00185553941563 ;0.335020326244 ; 0.00896099372949 ; 0.0012610405384 ;0.31118282938 ; -0.0146108180731 ; 0.000396779009542 ;0.0370155418601 ; 0.00457657289406 ; -0.00521255734933 ;0.396976329461 ; 0.00885212408231 ; 0.000181276038287 ;0.252019492232 ; -0.00420883439292 ; -0.000624275322197 ;11
be0d5a215f2d48c3baac6b9412a56035 ; 18.1974434277 ; 0.242301199803 ; -0.00218635780853 ; 0.0059247757993 ;0.43040159856 ; 0.00430506167777 ; 0.0010385850503 ;-0.0602754892397 ; -0.00486740210906 ; 0.00545226555954 ;0.0708275606252 ; 0.000117905154354 ; 0.00097432184031 ;0.335074458983 ; 0.00880462558074 ; 0.000718149464601 ;0.311188882854 ; -0.0145632338952 ; 0.000336720083238 ;0.0370136781146 ; 0.00447448271321 ; -0.00519494079671 ;0.396966481482 ; 0.00853725152676 ; 0.000276607105834 ;0.25193280393 ; -0.00421575412108 ; 0.000242538504936 ;12
be0d5a215f2d48c3baac6b9412a56035 ; 18.1974434277 ; 0.242353686033 ; -0.00231345732237 ; 0.00539864250867 ;0.430406771928 ; 0.00420986047458 ; 0.00098589937139 ;-0.0603639997197 ; -0.00483131242164 ; 0.00633773122796 ;0.0709160575743 ; 7.33727552489e-05 ; 8.89070245338e-05 ;0.335126977351 ; 0.00864290762451 ; 0.000191348601615 ;0.311194567288 ; -0.0145196651943 ; 0.000280311408174 ;0.0370133321268 ; 0.00436858263676 ; -0.00519253991883 ;0.396956134997 ; 0.00822186922695 ; 0.000376918125724 ;0.251844476027 ; -0.00420260305408 ; 0.00112594903755 ;13
be0d5a215f2d48c3baac6b9412a56035 ; 18.1974434277 ; 0.242405831339 ; -0.00245053760894 ; 0.0048758186466 ;0.430411776548 ; 0.00414819149901 ; 0.000935236493977 ;-0.0604525627671 ; -0.00479583800981 ; 0.0072237164186 ;0.0710038354819 ; 2.18565850768e-05 ; -0.000789387214492 ;0.335177817522 ; 0.00848187482607 ; -0.000318663444545 ;0.311199950663 ; -0.0144631304048 ; 0.000227042979288 ;0.0370109265559 ; 0.00426134156433 ; -0.00516955662156 ;0.396945573767 ; 0.00788334293477 ; 0.000479145165135 ;0.251755412643 ; -0.00417742421009 ; 0.00201683466418 ;14
be0d5a215f2d48c3baac6b9412a56035 ; 18.1974434277 ; 0.242455836253 ; -0.0025924839759 ; 0.00437410956159 ;0.430416344907 ; 0.00410887668584 ; 0.000889109668702 ;-0.0605395975505 ; -0.00477135196548 ; 0.00809459870737 ;0.0710913432574 ; -4.65968327309e-05 ; -0.00166542115706 ;0.335227025701 ; 0.00832805397344 ; -0.000812517740509 ;0.311204974662 ; -0.0144094378629 ; 0.000177290492589 ;0.037009889285 ; 0.00415232680213 ; -0.00516024934231 ;0.396934727411 ; 0.00753591615741 ; 0.000584205736995 ;0.251665637444 ; -0.0041432724074 ; 0.00291526957589 ;15
